1 6 51 8  6 54 58
2 6 54 58  6 57 54
5 6 53 50  6 58 23
6 6 58 23  6 59 7
7 6 59 7  7 0 39
9 7 0 32  7 0 57
11 7 0 36  7 1 9
12 7 1 9  7 1 40
14 6 59 39  7 1 28
15 7 1 28  7 3 23
16 7 3 23  7 4 22
17 7 4 22  7 4 59
18 7 4 59  7 5 41
19 7 5 41  7 10 30
22 7 8 15  7 12 31
24 7 12 31  7 13 26
25 7 13 26  7 14 51
27 7 13 56  7 15 4
29 7 13 16  7 16 12
31 7 16 4  7 18 4
32 7 18 4  7 18 28
35 7 15 3  7 19 16
36 7 19 16  7 20 32
38 7 20 24  7 20 57
40 7 20 2  7 22 28
41 7 22 28  7 24 27
42 7 24 27  7 25 24
44 7 24 9  7 26 16
48 7 23 48  7 27 19
50 7 26 28  7 30 38
51 7 30 38  7 31 7
55 7 29 37  7 31 31
56 7 31 31  7 34 58
60 7 33 24  7 33 29
61 7 33 29  7 36 58
64 7 35 46  7 38 1
67 7 36 7  7 39 53
68 7 39 53  7 40 40
70 7 40 20  7 41 11
71 7 41 11  7 43 35
73 7 39 42  7 41 44
74 7 41 44  7 42 43
75 7 42 43  7 43 41
77 7 43 23  7 45 48
78 7 45 48  7 46 57
79 7 46 57  7 47 29
81 7 46 39  7 47 25
82 7 47 25  7 48 33
83 7 48 33  7 51 44
86 7 47 31  7 48 7
87 7 48 7  7 51 31
88 7 51 31  7 51 55
89 7 51 55  7 52 11
90 7 52 11  7 54 54
92 7 54 43  7 56 41
93 7 56 41  7 57 48
95 7 54 44  7 55 16
96 7 55 16  8 0 30
98 7 57 19  8 1 36
100 7 59 59  8 1 39
102 7 58 47  8 4 17
103 8 4 17  8 5 56
104 8 5 56  8 6 37
106 8 6 27  8 6 51
108 8 6 32  8 10 57
112 8 9 59  8 12 43
113 8 12 43  8 13 30
114 8 13 30  8 15 43
115 8 15 43  8 17 13
117 8 16 51  8 17 38
119 8 15 33  8 18 4
120 8 18 4  8 20 39
122 8 20 12  8 20 40
123 8 20 40  8 22 17
125 8 19 1  8 19 25
126 8 19 25  8 24 51
128 8 21 31  8 24 24
130 8 22 55  8 25 54
131 8 25 54  8 29 40
135 8 25 37  8 29 12
137 8 28 50  8 31 42
138 8 31 42  8 33 27
139 8 33 27  8 34 10
141 8 31 31  8 33 1
143 8 30 37  8 34 26
145 8 34 11  8 35 0
146 8 35 0  8 35 40
148 8 35 27  8 39 22
150 8 37 34  8 41 11
152 8 39 52  8 43 42
154 8 43 18  8 44 23
156 8 41 56  8 45 42
159 8 42 29  8 45 53
160 8 45 53  8 47 47
162 8 45 41  8 49 1
166 8 47 37  8 50 44
167 8 50 44  8 52 29
168 8 52 29  8 55 22
169 8 55 22  8 56 5
172 8 52 37  8 54 52
173 8 54 52  8 56 53
174 8 56 53  8 57 42
176 8 55 56  9 1 51
178 9 0 7  9 2 27
181 9 1 20  9 2 6
182 9 2 6  9 6 1
183 9 6 1  9 7 29
184 9 7 29  9 8 42
186 9 5 40  9 6 49
187 9 6 49  9 8 57
189 9 8 27  9 8 49
190 9 8 49  9 10 4
191 9 10 4  9 10 10
193 9 10 5  9 11 25
195 9 10 59  9 13 12
198 9 9 49  9 13 38
200 9 12 27  9 14 44
201 9 14 44  9 19 11
203 9 17 30  9 19 7
206 9 17 51  9 20 39
208 9 20 39  9 23 31
209 9 23 31  9 24 48
213 9 21 45  9 23 33
214 9 23 33  9 26 28
215 9 26 28  9 28 6
218 9 26 32  9 28 43
220 9 27 51  9 29 24
222 9 27 55  9 29 19
224 9 28 53  9 33 14
225 9 33 14  9 34 13
227 9 31 14  9 35 55
229 9 32 8  9 35 6
231 9 33 45  9 34 3
232 9 34 3  9 38 50
234 9 37 10  9 39 28
235 9 39 28  9 39 44
237 9 37 54  9 41 36
238 9 41 36  9 41 52
239 9 41 52  9 43 46
241 9 42 45  9 43 1
242 9 43 1  9 48 8
243 9 48 8  9 48 47
244 9 48 47  9 49 46
246 9 47 44  9 49 32
247 9 49 32  9 50 1
248 9 50 1  9 54 9
250 9 52 9  9 55 39
253 9 55 11  9 58 1
254 9 58 1  10 0 22
255 10 0 22  10 1 15
257 9 59 20  10 4 22
259 10 2 52  10 3 10
260 10 3 10  10 3 59
262 10 1 56  10 6 41
264 10 2 49  10 5 38
266 10 4 17  10 4 43
267 10 4 43  10 6 20
268 10 6 20  10 9 30
270 10 6 6  10 6 54
271 10 6 54  10 10 48
272 10 10 48  10 13 37
274 10 11 43  10 13 3
275 10 13 3  10 13 24
277 10 11 41  10 16 18
280 10 13 58  10 19 2
281 10 19 2  10 20 10
282 10 20 10  10 21 18
284 10 19 24  10 22 37
286 10 19 21  10 25 45
289 10 22 48  10 24 51
290 10 24 51  10 25 47
291 10 25 47  10 26 55
293 10 26 50  10 28 45
295 10 26 38  10 27 57
298 10 25 33  10 28 43
300 10 27 53  10 30 20
302 10 30 2  10 31 25
304 10 31 11  10 35 31
306 10 31 35  10 33 0
307 10 33 0  10 34 43
308 10 34 43  10 38 18
309 10 38 18  10 40 0
312 10 37 42  10 40 28
314 10 39 2  10 42 59
315 10 42 59  10 45 6
317 10 41 46  10 45 50
318 10 45 50  10 46 17
320 10 45 29  10 48 0
321 10 48 0  10 48 7
323 10 47 59  10 49 4
324 10 49 4  10 51 12
326 10 47 12  10 51 44
327 10 51 44  10 52 15
329 10 49 50  10 54 0
332 10 50 32  10 53 9
334 10 52 40  10 54 53
335 10 54 53  10 56 1
336 10 56 1  10 56 4
337 10 56 4  10 59 34
339 10 54 33  10 57 10
340 10 57 10  10 59 24
341 10 59 24  11 1 46
342 11 1 46  11 2 44
345 11 0 46  11 1 35
346 11 1 35  11 3 17
347 11 3 17  11 5 29
350 11 3 1  11 5 40
352 11 3 57  11 8 54
354 11 6 48  11 9 50
355 11 9 50  11 12 25
357 11 10 17  11 10 34
358 11 10 34  11 10 35
359 11 10 35  11 14 29
360 11 14 29  11 15 15
361 11 15 15  11 15 52
362 11 15 52  11 18 59
365 11 17 46  11 18 36
367 11 16 42  11 19 37
368 11 19 37  11 20 27
370 11 18 59  11 19 57
371 11 19 57  11 20 2
372 11 20 2  11 24 19
374 11 24 2  11 24 48
376 11 24 20  11 25 14
377 11 25 14  11 26 52
378 11 26 52  11 29 18
380 11 28 55  11 30 6
383 11 29 10  11 32 32
384 11 32 32  11 33 36
386 11 32 33  11 36 4
388 11 34 15  11 34 32
389 11 34 32  11 37 5
391 11 34 44  11 38 57
393 11 38 5  11 41 13
397 11 39 18  11 40 23
400 11 38 7  11 40 49
402 11 40 44  11 43 50
404 11 41 6  11 44 0
406 11 42 49  11 45 48
407 11 45 48  11 47 27
409 11 46 27  11 47 51
410 11 47 51  11 48 54
412 11 48 50  11 51 36
413 11 51 36  11 52 18
415 11 52 11  11 53 12
416 11 53 12  11 53 34
417 11 53 34  11 54 26
419 11 52 22  11 55 25
420 11 55 25  11 55 37
421 11 55 37  11 57 10
422 11 57 10  11 57 43
423 11 57 43  11 58 37
425 11 54 49  12 0 22
427 11 56 14  11 57 48
428 11 57 48  12 2 29
432 11 59 54  12 3 46
434 12 2 36  12 3 50
435 12 3 50  12 6 43
438 12 3 58  12 6 41
440 12 5 16  12 5 48
441 12 5 48  12 7 29
442 12 7 29  12 9 39
444 12 8 38  12 10 29
445 12 10 29  12 13 50
447 12 11 26  12 14 36
448 12 14 36  12 16 3
449 12 16 3  12 31 0
451 12 27 38  12 55 35
452 12 55 35  13 12 32
453 13 12 32  13 43 1
454 13 43 1  15 6 28
455 15 6 28  15 55 12
456 15 55 12  17 8 44
457 17 8 44  18 17 56
458 18 17 56  18 34 15
