62 61 44 42 37
89 83 54 42 18
60 53 5 31 12
70 56 47 28 1
71 59 57 56 54
86 7 39 33 21
68 48 37 29 21
87 40 29 21 10
78 77 73 33 13
84 71 65 23 2
33 30 3 28 21
85 73 42 31 23
64 61 42 4 23
85 71 66 60 17
72 67 66 60 12
76 62 58 50 46
73 65 43 32 20
71 61 58 56 55
89 67 41 38 18
79 66 59 41 32
86 74 37 35 25
82 61 60 45 1
83 7 58 35 20
7 51 46 40 37
80 74 6 47 2
88 5 44 22 1
89 71 34 33 23
89 77 74 56 4
75 52 51 18 17
80 77 7 30 29
90 35 28 18 17
79 6 53 25 24
90 7 38 18 12
74 55 45 28 25
86 74 60 29 10
76 7 50 25 24
90 54 52 40 20
87 83 81 30 16
67 50 23 22 20
85 80 75 68 59
78 70 55 45 32
76 56 55 40 13
83 73 3 24 14
76 66 28 25 23
54 39 34 33 24
70 61 34 28 12
8 74 69 4 1
59 49 46 4 15
73 71 67 31 24
49 46 36 26 12
9 68 59 21 20
19 11
